LexicalReordering0= 0.0854697
LexicalReordering0= 0.244641
LexicalReordering0= 0.0712316
LexicalReordering0= 0.0735569
LexicalReordering0= -0.07664
LexicalReordering0= -0.061633
Distortion0= 0.0496119
LM0= 0.0517247
WordPenalty0= -0.083564
PhrasePenalty0= 0.0480822
TranslationModel0= 0.0801319
TranslationModel0= 0.0535406
TranslationModel0= 0.00745873
TranslationModel0= 0.0127136
